1.239183583307496406e+01
4.200147498336160190e+00
3.286268889664248238e+00
2.808795165105645086e+00
2.576304373923852253e+00
2.488939401552609620e+00
2.335801969377786058e+00
2.281051743647294128e+00
2.172573877795604069e+00
2.130746661183905211e+00
2.096767202961086873e+00
2.062996607365136903e+00
2.048943259786715210e+00
2.005380885284333115e+00
1.955379988452218942e+00
1.928907674932825111e+00
1.875015683016199031e+00
1.855950689057462188e+00
1.844102984494452091e+00
1.835148948874528285e+00
1.780993004467014584e+00
1.771732794277618206e+00
1.764398684474728141e+00
1.735611738349458699e+00
1.719799975916177281e+00
1.689626478528258424e+00
1.672044576641438240e+00
1.667156730212042470e+00
1.662896392452816841e+00
1.634362023968189748e+00
1.615314924173345545e+00
1.607501869208942891e+00
1.588817388290211241e+00
1.578498486869162498e+00
1.572511501606900008e+00
1.552089327475378866e+00
1.538697180073075321e+00
1.521855203378360555e+00
1.517832431067403398e+00
1.510829142003263792e+00
1.502632267328915638e+00
1.491408246956811512e+00
1.479535878490756184e+00
1.471139037173211372e+00
1.466288062043165086e+00
1.463645589950472559e+00
1.459055631923729113e+00
1.449878996790288310e+00
1.441849210543571846e+00
1.435358846523066001e+00
1.430909533740349682e+00
1.424237854048082452e+00
1.411023241995594590e+00
1.408366492606911047e+00
1.396836673393831552e+00
1.388248941640068512e+00
1.382054438986626277e+00
1.376944671521234342e+00
1.367256413582162544e+00
1.361029695818663177e+00
1.348553374638733926e+00
1.342867531118350000e+00
1.339020878018546412e+00
1.334716374399928185e+00
1.331248989507655578e+00
1.322081690391615272e+00
1.316296154442070598e+00
1.314537676290248758e+00
1.311288725889244500e+00
1.310485980848473009e+00
1.307804160259270487e+00
1.301272070380466328e+00
1.293970214873417790e+00
1.292452732933121684e+00
1.287280227773330621e+00
1.282357856510939031e+00
1.276765217295880328e+00
1.272189794159797049e+00
1.269003694532356841e+00
1.261927519169857792e+00
1.257257688633336867e+00
1.252256231868851044e+00
1.247441214970602008e+00
1.243340720139016531e+00
1.237898670450469307e+00
1.232865975025167593e+00
1.231130784305067838e+00
1.228452218449899380e+00
1.225996662907354873e+00
1.219653474119740455e+00
1.212409505612917604e+00
1.208933784750116702e+00
1.206259550657423185e+00
1.204739000556681594e+00
1.202313826675560859e+00
1.195422468779129499e+00
1.190907027045641664e+00
1.189406778777495788e+00
1.184603734575205847e+00
1.183557587529215249e+00
1.176018124619448324e+00
1.174563691098833074e+00
1.170927078672388655e+00
1.166054216289033052e+00
1.164355032415318902e+00
1.163455935521977569e+00
1.159963597257460233e+00
1.158223912737069705e+00
1.151421345149115538e+00
1.150917391975764481e+00
1.146692020200797302e+00
1.143116704234006242e+00
1.140788435180158267e+00
1.138458983812667524e+00
1.134510276317796329e+00
1.131520123927526322e+00
1.129161982004527331e+00
1.126534508654958522e+00
1.123411548305561114e+00
1.120808644489041495e+00
1.118376033410114490e+00
1.113758741351038140e+00
1.110765982798724849e+00
1.109629128360059003e+00
1.107599026124905128e+00
1.104415713251139852e+00
1.102781517485090568e+00
1.100548680364560994e+00
1.098662813024442908e+00
1.096644897644240890e+00
1.092764045423622044e+00
1.090366454058292911e+00
1.089646010440559643e+00
1.088751270866138432e+00
1.087650002343844458e+00
1.084095866038111922e+00
1.081343660059959300e+00
1.079542441266835073e+00
1.077795437474049489e+00
1.076222010563912868e+00
1.071661856733954421e+00
1.068807709966530073e+00
1.067481841430384382e+00
1.064429715213966343e+00
1.063421930818723382e+00
1.060139352950417724e+00
1.059011084538787006e+00
1.058072588003152292e+00
1.057014614017953047e+00
1.053263814110495300e+00
1.052515232781021881e+00
1.051621918454231919e+00
1.050143338706249763e+00
1.047510107730339701e+00
1.046874138718014935e+00
1.045257515126470915e+00
1.041271301812633165e+00
1.040761066136883572e+00
1.038276391337071169e+00
1.037377601868841870e+00
1.036615081321086373e+00
1.034839656750774273e+00
1.032720056638651407e+00
1.030421771500144024e+00
1.030155967439384535e+00
1.027249345211171949e+00
1.025134671585513635e+00
1.025018814885554352e+00
1.023628583995028540e+00
1.022186045451395575e+00
1.021259984039901703e+00
1.020857576845023207e+00
1.018242519721320738e+00
1.017582147339342047e+00
1.014993763334375965e+00
1.013375664233514106e+00
1.012389209644397159e+00
1.011613278267008642e+00
1.010577739647904094e+00
1.009665938805923924e+00
1.007593004530880965e+00
1.006982561011252830e+00
1.004288505104712792e+00
1.004025993194053834e+00
1.002106817748235512e+00
1.001736661583318311e+00
1.000144562137144089e+00
9.996622118659322931e-01
9.988449045889685740e-01
9.979562790401574901e-01
9.972879018303330012e-01
9.959445809535960592e-01
9.956071509052790702e-01
9.940178798961570861e-01
9.933733593272076057e-01
9.930964341310487553e-01
9.916861587111756027e-01
9.907644039931360336e-01
9.901291299038423865e-01
9.895913990476298272e-01
9.886514940320159095e-01
9.875068532504805985e-01
9.866723584447867346e-01
9.853953747481979386e-01
9.851005138176158749e-01
9.832091243329657004e-01
9.821529362125236418e-01
9.809549507935739765e-01
9.802840721170519300e-01
9.787646289949050171e-01
9.781484977764617339e-01
9.767928330757242872e-01
9.759929195527951018e-01
9.747904425061650890e-01
9.742439518686972777e-01
9.731462924638164536e-01
9.724257738257696682e-01
9.716447660292598654e-01
9.705809648273747703e-01
9.698497675628285908e-01
9.693802657627025310e-01
9.684710268427887403e-01
9.675631864448581698e-01
9.661412259327555319e-01
9.651271992399560462e-01
9.643241815049363730e-01
9.637646980053778956e-01
9.625491081424915052e-01
9.616165269164570484e-01
9.612728964091993289e-01
9.600161292763347287e-01
9.593880529289744441e-01
9.580346895043181377e-01
9.576140248458794302e-01
9.564356534187632430e-01
9.553606857274868913e-01
9.550143821030251390e-01
9.529367848453047518e-01
9.523031103002229658e-01
9.521025711898812860e-01
9.505255721383495393e-01
9.492765904956164125e-01
9.484279643441816399e-01
9.477473534919226283e-01
9.467539265711416574e-01
9.464323996191994492e-01
9.446584073062691544e-01
9.439525251183471521e-01
9.428193596091583029e-01
9.411896887196299355e-01
9.410622656037089806e-01
9.403807894433955372e-01
9.392652359289223041e-01
9.388302819144743738e-01
9.375418659355080342e-01
9.363057869323596627e-01
9.354437974542788581e-01
9.350885111870911315e-01
9.338093104881383111e-01
9.332483565799107872e-01
9.322035587586434691e-01
9.315083881261699839e-01
9.308779798559052576e-01
9.291725665065554418e-01
9.287385159022434333e-01
9.275294577564819898e-01
9.264067106898818960e-01
9.259770557779380962e-01
9.248784263161471397e-01
9.244737558657649679e-01
9.241119490421164651e-01
9.235881761858448780e-01
9.215516296187840073e-01
9.204531934640721724e-01
9.203294383994788941e-01
9.186106181634238199e-01
9.178151877729686658e-01
9.170536313231122394e-01
9.165345109993618955e-01
9.156890155419820099e-01
9.153614350087654339e-01
9.136213758568968446e-01
9.123634829912766753e-01
9.115931799443008909e-01
9.114867797943946304e-01
9.102300221759507259e-01
9.092233328223572331e-01
9.087318683219308690e-01
9.080022528820240746e-01
9.075662486475956081e-01
9.066211055460624557e-01
9.054843011493205474e-01
9.044500198319368467e-01
9.038040430199769659e-01
9.022013513048022793e-01
9.014911621990691071e-01
8.999573217978452666e-01
8.992969876232878024e-01
8.982538251062371915e-01
8.977346633578157098e-01
8.971500886934802299e-01
8.961883639226267961e-01
8.950635974213300150e-01
8.930371257053968392e-01
8.924855664166063685e-01
8.912502691593954252e-01
8.903368692889245262e-01
8.902703225298792544e-01
8.895906918331847324e-01
8.890063371648030399e-01
8.880038266591787632e-01
8.872378385931782852e-01
8.858787364849870505e-01
8.849699418933111295e-01
8.842889002787753805e-01
8.835919246891336121e-01
8.831304627953830977e-01
8.816364708983451814e-01
8.804595228550192720e-01
8.797822543617109803e-01
8.788113693519331582e-01
8.780183873079638879e-01
8.767814105310965944e-01
8.762304636237433497e-01
8.752926471654880469e-01
8.747754850197494436e-01
8.743848471853883364e-01
8.734812861033118825e-01
8.727905525169434853e-01
8.715403311430887090e-01
8.702687453918044325e-01
8.689327918236854353e-01
8.683800186517166564e-01
8.677179289357208614e-01
8.662714343983479726e-01
8.656507355775451273e-01
8.649041978750210413e-01
8.643773645793644267e-01
8.638413189618617816e-01
8.625204310167344790e-01
8.617031765719019853e-01
8.610927518154452009e-01
8.598573395878493786e-01
8.586063601428404191e-01
8.581259315485878503e-01
8.565713346549034268e-01
8.547909593929938765e-01
8.545538578826142873e-01
8.533380713332853196e-01
8.529485956739334407e-01
8.522466488566883269e-01
8.508250428862449422e-01
8.490657659225518961e-01
8.484664168156361708e-01
8.479708425286489604e-01
8.476756395935445276e-01
8.459816161594611028e-01
8.458716163898520879e-01
8.447580163055523617e-01
8.439208773856811119e-01
8.425729856657774297e-01
8.419027757385657562e-01
8.413273562573129194e-01
8.402418270450650040e-01
8.390527674845010830e-01
8.379149571400357210e-01
8.371728109973626264e-01
8.365213499220900406e-01
8.353199654196525881e-01
8.352434946854840891e-01
8.342960948606429339e-01
8.338797588065477440e-01
8.328671733521911813e-01
8.319505566332285884e-01
8.314543030427508086e-01
8.308540922708463894e-01
8.288938353967283401e-01
8.280263368930746992e-01
8.271968304194966537e-01
8.260992915961593575e-01
8.252977423029926873e-01
8.241550243169730727e-01
8.231236585683823215e-01
8.225179400831046372e-01
8.214661219771299816e-01
8.213379234633029213e-01
8.205026744541992212e-01
8.197328628357321012e-01
8.184198750415001555e-01
8.183289233113769656e-01
8.174514581350225129e-01
8.162993829463860429e-01
8.154679153773609634e-01
8.143545553522173464e-01
8.128692748132312351e-01
8.123466620240326064e-01
8.118836707155446808e-01
8.112294341103976070e-01
8.100871757546810326e-01
8.089979087080840792e-01
8.082080967513255443e-01
8.076745034623260544e-01
8.065227930356437813e-01
8.044468570002333285e-01
8.041085669032210781e-01
8.027862041524883585e-01
8.019417648169012702e-01
8.014313555813565859e-01
8.001341193428084253e-01
7.996654473264392937e-01
7.985842931097051345e-01
7.971755852562364408e-01
7.962304650551523810e-01
7.946533233686087216e-01
7.931286172925472444e-01
7.924738487346990601e-01
7.917456486633173141e-01
7.906381342751326313e-01
7.903623339013168270e-01
7.892791380375145938e-01
7.886526643096409828e-01
7.867366760244832724e-01
7.861963811735129815e-01
7.858432795516717695e-01
7.849363126580521932e-01
7.837273900290573359e-01
7.825226246016527831e-01
7.817690605413979421e-01
7.806207810254999213e-01
7.805615527465068482e-01
7.797303767452519185e-01
7.787866210118666865e-01
7.784273392921090551e-01
7.771869461738923901e-01
7.765275192012308647e-01
7.745853309541794740e-01
7.738378460082081522e-01
7.732223562968925101e-01
7.722121744424100820e-01
7.704218482758612430e-01
7.698361713634389591e-01
7.688477231709650583e-01
7.687879785180823378e-01
7.680631668883819430e-01
7.664686642865391475e-01
7.658409466432849477e-01
7.651677683030432275e-01
7.641693922480429224e-01
7.638931699928753760e-01
7.620824803441138551e-01
7.608118863010714383e-01
7.590121088055639120e-01
7.578414750081253759e-01
7.562675011468460440e-01
7.561854901446619648e-01
7.556649677010074395e-01
7.547957859250739032e-01
7.537713263608957215e-01
7.515843795112947534e-01
7.509972196227592267e-01
7.502960189994718476e-01
7.498474563261858794e-01
7.496856753669665085e-01
7.467260829253291599e-01
7.458698237881010717e-01
7.455723523266325481e-01
7.446203369967090424e-01
7.428396285055894888e-01
7.413117910058653059e-01
7.406913833085325694e-01
7.397035080555065534e-01
7.391125734883594589e-01
7.378008551438444140e-01
7.375141254413575265e-01
7.363844578314973077e-01
7.358919333678594077e-01
7.350701818006747379e-01
7.335946854856431054e-01
7.326578300385215847e-01
7.320448150232594653e-01
7.309847196258972835e-01
7.301366499863772841e-01
7.292048404189361843e-01
7.281419477161314990e-01
7.263677159244460446e-01
7.256366577897997994e-01
7.249934029131942514e-01
7.241198656933330868e-01
7.236342324746350974e-01
7.221056667379844862e-01
7.214577251077933795e-01
7.206307519610921641e-01
7.196571910295967989e-01
7.182604677116414260e-01
7.174330761046601168e-01
7.161178499201030778e-01
7.157855146499773058e-01
7.154827458968093801e-01
7.133249847548620570e-01
7.131387971220162214e-01
7.110624894093402482e-01
7.106650127415525819e-01
7.098143577317042041e-01
7.089711525856973173e-01
7.080103537110200573e-01
7.067838920918015910e-01
7.054724083507083465e-01
7.052263010969856971e-01
7.044373543074157196e-01
7.027176351377391050e-01
7.021093365631722039e-01
7.014048727461096311e-01
7.003960003011253654e-01
6.991771810754919825e-01
6.977779551708154226e-01
6.972149998148231553e-01
6.952409675196100647e-01
6.947727105380681056e-01
6.932518209517948282e-01
6.923802565035737100e-01
6.911595181074843275e-01
6.905088387888934642e-01
6.902984759431116668e-01
6.873927679199506313e-01
6.864977496994681960e-01
6.854935039105044536e-01
6.848909546157746497e-01
6.830366585594530582e-01
6.820008243792301528e-01
6.811183545588699317e-01
6.796006202170116195e-01
6.793048609346268307e-01
6.782741002241960970e-01
6.772848524485168831e-01
6.763823794916046239e-01
6.757123325480091092e-01
6.746077378843108319e-01
6.742952738028793469e-01
6.734003670789325824e-01
6.717088539623140564e-01
6.708601023611603376e-01
6.705667204353710220e-01
6.693963953262600519e-01
6.682387963223825889e-01
6.675562902661915654e-01
6.669236224869288243e-01
6.660077962860114775e-01
6.643088597204271917e-01
6.636668960281989493e-01
6.628108831438908055e-01
6.616962296176047698e-01
6.600617277179658959e-01
6.595007328497555221e-01
6.584811416402188700e-01
6.573962397485487719e-01
6.556822163708049267e-01
6.549333344630812181e-01
6.545272647433709734e-01
6.535886656874166922e-01
6.532286784787303402e-01
6.523607436826958095e-01
6.514547393521367136e-01
6.504680919914199722e-01
6.500371361251963132e-01
6.488257777691988082e-01
6.476223274383140494e-01
6.470580419033217234e-01
6.468250158039979825e-01
6.440942431687477487e-01
6.426841204721750467e-01
6.416961981659092817e-01
6.406002391410333674e-01
6.391196537600327687e-01
6.390998002950062373e-01
6.367943462336433935e-01
6.353452300715700662e-01
6.352491434918546842e-01
6.346516602455610778e-01
6.339264457000256536e-01
6.331639293696468274e-01
6.325156172726452697e-01
6.320709803285353701e-01
6.309482291422819911e-01
6.300163444734396823e-01
6.290427659788836445e-01
6.285001124170304099e-01
6.277648260609832720e-01
6.262959635429151684e-01
6.246231463085097912e-01
6.232830156589994619e-01
6.227428200038099826e-01
6.221391049321669531e-01
6.208147432058063186e-01
6.201529502227768331e-01
6.191985179534916783e-01
6.179682621411159982e-01
6.177475843541537781e-01
6.161919507288545761e-01
6.154822445438833389e-01
6.147087864518462341e-01
6.144690643654373563e-01
6.116417297165197553e-01
6.104313602769955160e-01
6.100872136612205399e-01
6.093721433423464617e-01
6.081210101322053196e-01
6.071663069265568202e-01
6.056958919425723398e-01
6.041963768669258439e-01
6.039606967076867061e-01
6.008658544065020868e-01
5.998156687046123370e-01
5.990825223144637945e-01
5.980150316577528269e-01
5.967487848523385097e-01
5.957607609971713458e-01
5.948048672317901575e-01
5.941537598743789061e-01
5.936845832747003060e-01
5.914319848828463178e-01
5.904822768956159429e-01
5.893799608819516589e-01
5.882861888889190372e-01
5.865141744073801844e-01
5.863948603351987199e-01
5.853925854864674427e-01
5.850032566512627374e-01
5.835407376736299057e-01
5.830801832003363883e-01
5.808053587196472245e-01
5.798006512860637285e-01
5.794128023331622801e-01
5.770625980138774924e-01
5.763736377671307975e-01
5.754360655182000350e-01
5.747159388579770045e-01
5.733545455749408104e-01
5.726464257412110515e-01
5.721127436706228142e-01
5.707639271157387562e-01
5.698925828452418019e-01
5.687258340631069498e-01
5.668316632306232838e-01
5.665833622504926614e-01
5.656666839033358540e-01
5.647130363612551385e-01
5.629247007884380372e-01
5.620322957386386653e-01
5.617080028797832858e-01
5.609753570073124918e-01
5.600461413771273822e-01
5.589094432650142386e-01
5.578112117835829498e-01
5.554181613989529476e-01
5.550781695938680205e-01
5.532522358534365248e-01
5.530085595107194774e-01
5.524605332926645351e-01
5.517891543516084685e-01
5.499725668916932708e-01
5.497704004737825612e-01
5.482732944936737907e-01
5.472731474147922714e-01
5.449904374928370432e-01
5.447440971684670563e-01
5.440356865228097583e-01
5.424750518450250913e-01
5.418457953936048899e-01
5.411192957516237634e-01
5.397351653864985721e-01
5.388521219073366675e-01
5.367532371896869270e-01
5.361351034673491611e-01
5.354889052838286423e-01
5.350715570581576763e-01
5.328167564610996054e-01
5.316003916571254706e-01
5.312008405664804256e-01
5.301912984266310414e-01
5.288858260740442185e-01
5.277624606116968486e-01
5.269613702007008849e-01
5.261698795611171597e-01
5.239470689917299362e-01
5.236232962256293089e-01
5.228843453414776521e-01
5.213312262615746873e-01
5.207410043250483289e-01
5.189090041646876594e-01
5.176449042129114275e-01
5.174998693030787855e-01
5.144713995436337450e-01
5.135944868133209829e-01
5.129074656168307600e-01
5.118751609751152065e-01
5.100893368653833804e-01
5.087917767359092514e-01
5.074072638614715025e-01
5.057712606645421438e-01
5.046426505307575194e-01
5.044727794150722922e-01
5.027304542520995012e-01
5.020922714327294978e-01
4.992487206108003894e-01
4.990970156706134309e-01
4.971929559320164005e-01
4.962596340938613682e-01
4.947818565040775218e-01
4.936379671619487430e-01
4.926132264879393707e-01
4.899469016440019531e-01
4.893674513725012054e-01
4.880920931270334995e-01
4.869223428911684803e-01
4.853066063915913442e-01
4.845606392030094023e-01
4.838572580484591934e-01
4.826843336161342202e-01
4.812362529079483031e-01
4.805083010322992454e-01
4.786014820306098705e-01
4.778605851767840917e-01
4.753702192943127236e-01
4.749623947545659197e-01
4.718710841073996409e-01
4.700690060197629250e-01
4.691969962089268531e-01
4.676259937153072199e-01
4.671526327106685916e-01
4.665886585586991320e-01
4.651706816639213926e-01
4.629359738292190274e-01
4.607368693525789038e-01
4.582802058290542657e-01
4.570955909452865118e-01
4.553170192812903139e-01
4.549828417724613439e-01
4.537157594589662502e-01
4.514234261144207672e-01
4.507592176704085518e-01
4.491987148052322132e-01
4.481267807621209798e-01
4.468386709700016279e-01
4.458357249365352826e-01
4.443403332194209576e-01
4.417590469217793636e-01
4.409986601560750841e-01
4.394601029105496548e-01
4.360574828997170194e-01
4.357574808039416103e-01
4.335085810751669877e-01
4.328010527875903457e-01
4.306463068876331679e-01
4.287340943518013203e-01
4.267033728752505084e-01
4.250215060363541908e-01
4.240771991883650061e-01
4.234780377031456267e-01
4.220756714816191746e-01
4.205169076626265601e-01
4.200833180880803597e-01
4.160951801780131687e-01
4.141995278798906721e-01
4.128015450009835385e-01
4.107291896830297939e-01
4.098230029130014440e-01
4.063272557490367198e-01
4.060635550553121642e-01
4.033661159218748238e-01
4.024255896987935510e-01
4.002214025170544032e-01
3.996955644780756933e-01
3.993563793065703638e-01
3.974191352657879817e-01
3.968127878162625577e-01
3.952328330302655734e-01
3.939247972247336138e-01
3.924538984250130480e-01
3.909918773382591306e-01
3.891547322403079989e-01
3.873618509117116027e-01
3.870534608780299424e-01
3.844188669763844435e-01
3.827331039552198111e-01
3.819408912505261600e-01
3.796461282136422977e-01
3.783436737896614943e-01
3.756234313745053788e-01
3.753928699288393012e-01
3.750203781365060718e-01
3.719520256912513534e-01
3.709200131646642751e-01
3.698535337684675239e-01
3.686592910737523932e-01
3.663343312761087045e-01
3.651735454816872339e-01
3.629280150404548544e-01
3.615120308878719824e-01
3.596178397414843131e-01
3.568307615958722367e-01
3.560195425949934656e-01
3.537549683941694223e-01
3.525308536322421249e-01
3.509564922979126478e-01
3.484881596979430562e-01
3.453355602617632636e-01
3.424852330003569922e-01
3.414823305103548701e-01
3.360968878341737964e-01
3.315853488177435970e-01
3.310758459804754028e-01
3.239840866041333589e-01
3.217732497045434625e-01
3.148174214077638644e-01
3.137165677507481876e-01
3.095074061680641031e-01
3.063383881788701579e-01
3.057533567106588968e-01
3.037422113857756734e-01
3.010351009170407766e-01
2.982047753862322459e-01
2.853554486297887882e-01
2.831516528893831541e-01
2.794934243691030162e-01
2.770231701124850066e-01
2.748391637156886169e-01
2.692088102905189073e-01
2.661962563476209520e-01
2.610017551067954633e-01
2.567549347692146822e-01
2.472950081698981062e-01
2.448572652610696565e-01
2.391897888318118837e-01
2.316735916763758285e-01
2.243560397535328821e-01
2.148549536186882825e-01
2.086422085873927967e-01
2.076314570339981846e-01
2.056023692128001179e-01
2.032776613434619517e-01
1.914059493239085863e-01
1.750128147176029381e-01
1.541613113742400232e-01
1.389020899674200671e-01
1.367418252462144213e-01
1.068070795875595974e-01
8.934246568720424775e-02
6.733680390619654899e-02
1.353022920691943023e-14
1.385163760092732101e-15
9.381999773241693576e-16
9.045908789620186076e-16
8.781012522506547559e-16
8.678361090483102436e-16
8.378290322470095714e-16
7.881999474095971104e-16
7.853208237480709972e-16
7.686973479687312216e-16
7.564689764508494401e-16
7.386444074143706310e-16
7.257273109508823371e-16
7.164460194020996036e-16
7.018225908581130914e-16
6.871957428152798783e-16
6.742221785381435553e-16
6.653461143347788062e-16
6.537423183614125666e-16
6.513714239307415543e-16
6.383934645307825490e-16
6.265459366673579422e-16
6.225059248661656811e-16
6.171872446284460991e-16
6.073900034486614395e-16
5.862894305457522279e-16
5.844493422524350175e-16
5.799068818934680814e-16
5.656995864229451096e-16
5.600568081381278839e-16
5.547444795634823385e-16
5.451646561949906755e-16
5.315394304359521061e-16
5.291166750715492052e-16
5.181544178063471727e-16
5.151144980840620447e-16
5.079090872870323755e-16
4.999037978728241484e-16
4.904230005720481473e-16
4.866596617644876527e-16
4.831862849281627235e-16
4.694421549156157445e-16
4.640593105748623842e-16
4.570092322398083758e-16
4.532698410730421265e-16
4.417880608423631088e-16
4.350465465713655340e-16
4.246671135112258388e-16
4.186620999539635563e-16
4.172003461211885217e-16
4.098805969668957453e-16
4.060760318984320366e-16
4.035892233687472799e-16
3.906985363072432829e-16
3.838794360058746579e-16
3.723368062253464547e-16
3.683483781948905677e-16
3.619289367810753021e-16
3.568821930792875739e-16
3.474618654590070394e-16
3.424690102974432113e-16
3.367213556683805747e-16
3.298716555161800614e-16
3.268239403739573272e-16
3.184479878949655913e-16
3.121627037299208614e-16
3.099319268704075846e-16
3.086686061589071241e-16
3.069829097085753355e-16
2.891787646628882033e-16
2.884394917973998533e-16
2.854467558450862527e-16
2.741668701345473246e-16
2.699714534950273969e-16
2.637604381783456739e-16
2.607269462887057128e-16
2.551113034025520123e-16
2.492397907071838460e-16
2.454796548374485152e-16
2.393902417205790349e-16
2.373534016763146625e-16
2.353254586212856081e-16
2.267570887931426474e-16
2.245999007512125278e-16
2.205156942518687406e-16
2.100077124724382130e-16
2.049312210307373795e-16
2.040922199954586745e-16
1.969526690980265118e-16
1.934563994785359471e-16
1.907284978839273557e-16
1.861495199587852621e-16
1.856828069495850772e-16
1.811578607829299630e-16
1.685248239151582307e-16
1.630610074398314805e-16
1.586999461280975511e-16
1.502032147217056431e-16
1.462894840093689863e-16
1.450330126167203396e-16
1.416972676394615499e-16
1.405636307235343944e-16
1.371091816893189040e-16
1.317126616782487357e-16
1.252277114294867938e-16
1.203416534323134340e-16
1.163799015389089399e-16
1.120778092139223822e-16
1.094984043820838558e-16
1.058247411239481217e-16
1.004102545601336536e-16
9.721552093233151684e-17
9.514688807800453221e-17
8.447535555119829513e-17
8.330369080180168169e-17
8.146937149937081222e-17
7.526261469265423157e-17
7.243751313836341840e-17
6.933512609966754003e-17
5.853473465026136198e-17
5.764974412888623867e-17
5.262121424505710201e-17
4.905028363238231344e-17
4.592069126758553480e-17
4.178776970969512357e-17
3.540247459175294219e-17
3.040457576272522299e-17
2.880030387609822169e-17
2.459555689196506735e-17
2.097445447090248365e-17
1.818799681906610063e-17
1.461324881574220940e-17
1.132570853545333601e-17
7.863447153094301606e-18
5.850473110796566351e-18
2.443345028326893010e-18
1.352039520207931849e-31
1.127774760989228369e-31
1.028957026372134647e-31
8.125990954629150018e-32
6.824297696518659170e-32
5.348722612901205857e-32
4.858574907121495742e-32
4.345288393245000649e-32
3.896378100962808785e-32
1.485240464713449237e-32
1.145848548689698780e-32
6.047841720326910948e-33
3.536071886847199949e-33
1.611145837076507848e-48
7.090406939475737775e-50
0.000000000000000000e+00
